<?xml version="1.0"?>
<opencv_storage>
<calibration_Time>"Thu Jun 25 14:12:11 2015"</calibration_Time>
<nrOfFrames>25</nrOfFrames>
<image_Width>640</image_Width>
<image_Height>480</image_Height>
<board_Width>9</board_Width>
<board_Height>6</board_Height>
<square_Size>23.</square_Size>
<FixAspectRatio>1.</FixAspectRatio>
<!-- flags:  +fix_aspectRatio +fix_principal_point +zero_tangent_dist -->
<flagValue>14</flagValue>
<Camera_Matrix type_id="opencv-matrix">
  <rows>3</rows>
  <cols>3</cols>
  <dt>d</dt>
  <data>
    8.1199595732782871e+02 0. 3.1950000000000000e+02 0.
    8.1199595732782871e+02 2.3950000000000000e+02 0. 0. 1.</data>
</Camera_Matrix>

<Distortion_Coefficients type_id="opencv-matrix">
  <rows>5</rows>
  <cols>1</cols>
  <dt>d</dt>
  <data>
    -2.3885634068849709e-01 1.8465605104786880e+00 0. 0.
    -5.6610564215783796e+00</data></Distortion_Coefficients>
<Avg_Reprojection_Error>5.2070344167315519e-01</Avg_Reprojection_Error>
<Per_View_Reprojection_Errors type_id="opencv-matrix">
  <rows>25</rows>
  <cols>1</cols>
  <dt>f</dt>
  <data>
    2.70188063e-01 2.78782248e-01 3.15234601e-01 3.00673038e-01
    3.01376045e-01 4.54392284e-01 3.09117764e-01 3.78236741e-01
    3.30274552e-01 3.02646250e-01 4.19991136e-01 5.66728771e-01
    3.98601174e-01 6.23590529e-01 5.98577976e-01 4.54636753e-01
    6.32328570e-01 5.88628054e-01 9.89661396e-01 8.75271797e-01
    6.86429501e-01 7.76946306e-01 3.67566228e-01 3.22705537e-01
    5.33826709e-01</data></Per_View_Reprojection_Errors>
<!-- a set of 6-tuples (rotation vector + translation vector) for each view -->
<Extrinsic_Parameters type_id="opencv-matrix">
  <rows>25</rows>
  <cols>6</cols>
  <dt>d</dt>
  <data>
    -3.6308373506527401e-02 -1.0633141698859312e-01
    -3.0795168565659106e+00 1.1662995659026159e+02
    5.2014018101329718e+01 4.6581569000086813e+02
    -4.1676229359406791e-02 -9.7057984546453896e-02
    -3.0748018557810690e+00 1.1768684188115776e+02
    5.2783106090611916e+01 4.6178046703791227e+02
    -4.3559801229471840e-02 -8.8159689947467923e-02
    -3.0727058861329257e+00 1.1717682269122321e+02
    5.3035726965235796e+01 4.6026646252390134e+02
    -5.2623792522855886e-02 -1.0359609319167157e-01
    -3.0714808518111725e+00 1.1368484598026654e+02
    6.1268661496620638e+01 4.5618711180104049e+02
    -5.8636524015275533e-02 -8.4804370963747461e-02
    -3.0943489373837547e+00 1.0404774694949080e+02
    5.4839533164128909e+01 4.4600180417568845e+02
    -6.0365034497880075e-02 -6.1503278068114293e-02
    -3.1017157253386318e+00 1.0047808004449993e+02
    5.1409406231689232e+01 4.4021387612767444e+02
    -5.5763918451545741e-02 -6.1147132028229502e-02
    -3.1005780293148475e+00 9.9637517115941378e+01
    5.0292139155561287e+01 4.3698411677579827e+02
    -5.8192129744676940e-02 -5.7741890584112540e-02
    -3.1032807534995133e+00 9.9467145027320768e+01
    5.2023875444791784e+01 4.3516271736542063e+02
    -5.9871754439988774e-02 -6.1406191509721916e-02
    -3.1069262707242404e+00 1.0055979703071414e+02
    5.1692615649713723e+01 4.3130012832379714e+02
    -6.1320666943830107e-02 -8.2228791800060749e-02
    -3.1065061398599996e+00 1.0152817340930318e+02
    4.6491383014821352e+01 4.3334087732003405e+02
    -5.9765528227705186e-02 -4.8068576991796196e-02
    -3.1192805303476652e+00 1.0291188905111588e+02
    4.1597496753951710e+01 4.4389505790945856e+02
    -8.4329870678218594e-02 -7.9278457457745061e-02
    -3.1277248819381467e+00 1.0703859075851113e+02
    5.1649346196843169e+01 4.5763918090147081e+02
    -2.8859755754076089e-01 -4.9920046377213906e-01
    -2.7796706597120151e+00 7.0005325536979214e+01
    8.0674553023771736e+01 4.3452169549146032e+02
    -2.9014314097548938e-01 -4.9206627339017062e-01
    -2.7897134381350441e+00 5.3379265988491369e+01
    6.9258662595991908e+01 4.1145424779766103e+02
    -2.4743308574738573e-01 -5.3004352710511904e-01
    -2.7629854248647887e+00 2.1418105025881161e+01
    5.6164056459155205e+01 3.9636587001440660e+02
    -3.4417908871135855e-01 -5.0855452167483739e-01
    -2.6901633020862934e+00 1.3900304647794835e+01
    3.1841403393400761e+01 3.6246165664789521e+02
    -3.9488897765210274e-01 -5.7845928070608932e-01
    -2.6154441067209815e+00 3.5408499494062767e+01
    5.8368181728627398e+01 3.5905063012469594e+02
    -3.8788177431663678e-01 -6.9495599035216382e-01
    -2.5433072963847643e+00 3.1318418076578588e+01
    8.8023930645453106e+01 3.5343046034551475e+02
    -3.6174164736720410e-01 -8.8232332990522222e-01
    -2.5556529376447430e+00 5.5079317457345738e+01
    9.9703717293495174e+01 3.5687311164356379e+02
    -5.5173358138680273e-01 -3.3695282497804541e-01
    -3.0212661320536101e+00 9.1867564832291450e+01
    5.2865012316379769e+01 4.3181831826414987e+02
    -5.2303587196270562e-01 -3.6120764854534970e-01
    -3.0513090104408080e+00 1.1934176756233779e+02
    9.3086666795849155e+01 4.6452880814648654e+02
    -5.3836090394082114e-01 -3.4960122826652557e-01
    -3.0565133935296167e+00 1.3177122867494910e+02
    1.1122718968022728e+02 4.6973392575203763e+02
    -2.1244026993354644e-02 7.2657906131510741e-01
    2.9638265611076280e+00 9.3976072397336566e+01
    -6.1816485189929322e+00 3.3544430429045991e+02
    4.9539948821486837e-02 7.9262425936255720e-01 3.0072350941596517e+00
    1.1446938536855097e+02 5.8469383720517953e+00 3.3142837591666347e+02
    7.4232714591095594e-02 8.1333921537483533e-01 3.0030177976285066e+00
    1.1785576978143273e+02 1.6432332033729839e+01 3.3138571854171346e+02</data></Extrinsic_Parameters>
